0.000000000488535	0.000000126319294
0.000000000502760	0.000000129997461
0.000000000502760	0.000000129997461
0.000000000515800	0.000000133369205
0.000000000530219	0.000000137097374
0.000000000538463	0.000000139228992
0.000000000555055	0.000000143519246
0.000000000555055	0.000000143519246
0.000000000604637	0.000000156339522
0.000000000620274	0.000000160382574
0.000000000620274	0.000000160382574
0.000000000656892	0.000000169850843
0.000000000671499	0.000000173627731
0.000000000686805	0.000000177585534
0.000000000695510	0.000000179836348
0.000000000695510	0.000000179836348
0.000000000749723	0.000000193854066
0.000000000763329	0.000000197372086
0.000000000763329	0.000000197372086
0.000000000768731	0.000000198768868
0.000000000768731	0.000000198768868
0.000000000784179	0.000000202763128
0.000000000810389	0.000000209540291
0.000000000810389	0.000000209540291
0.000000000856702	0.000000221515337
0.000000000862380	0.000000222983407
0.000000000868389	0.000000224537181
0.000000000868389	0.000000224537181
0.000000000868389	0.000000224537181
0.000000000885647	0.000000228999551
0.000000000892669	0.000000230815096
0.000000000892669	0.000000230815096
0.000000000892669	0.000000230815096
0.000000000904183	0.000000233792358
0.000000000904183	0.000000233792358
0.000000000904183	0.000000233792358
0.000000000904183	0.000000233792358
0.000054927683966	0.014202513202576
0.000081172061156	0.021032668112960
0.000111956371228	0.029504715340796
0.000111956371228	0.029504715340796
0.000111956371228	0.029504715340796
0.000239892402911	0.064713563615616
0.000285540047067	0.078062730589680
0.000334656204514	0.092950311529835
0.000393942186989	0.110920464501870
0.000450191115989	0.130415624107163
0.000450191115989	0.130415624107163
0.000573902123122	0.173292277438265
0.000573902123122	0.173292277438265
0.000681553706524	0.214657803114765
0.000727450150477	0.234104641829857
0.000771591973971	0.253056095592973
0.000771591973971	0.253056095592973
0.000857026797577	0.289735914893451
0.000896785621653	0.306943335727608
0.000934744475176	0.323696135851724
0.000934744475176	0.323696135851724
0.001008389194766	0.356198573438651
0.001042804680922	0.371480945239537
0.001042804680922	0.371480945239537
0.001109745864972	0.401206518744528
0.001141916867423	0.415736209865564
0.001141916867423	0.415736209865564
0.001201761218024	0.442914651539566
0.001230839811669	0.456253046155650
0.001230839811669	0.456253046155650
0.001283723089802	0.480623815089959
0.001309291379910	0.492514718418901
0.001309291379910	0.492514718418901
0.001358678965867	0.515678214646323
0.001382761661660	0.526973349291088
0.001382761661660	0.526973349291088
0.001428212200126	0.548456684797845
0.001450201454046	0.558926901044510
0.001450201454046	0.558926901044510
0.001507621200987	0.586357839282549
0.001507621200987	0.586357839282549
0.001574635515968	0.619891168073979
0.001614034017590	0.639605805299357
0.001648372933886	0.660799154538678
0.001648372933886	0.660799154538678
0.001721579738235	0.705981051308081
0.001759829477500	0.731293920652714
0.001759829477500	0.731293920652714
0.001831234655819	0.786943924942665
0.001831234655819	0.786943924942665
0.001831234655819	0.786943924942665
0.001931897628358	0.880922751761084
0.001957566535055	0.913115499041526
0.001957566535055	0.913115499041526
0.002007578131398	0.975837713945150
0.002026717159958	1.005806778826047
0.002043076380050	1.035198078648884
0.002043076380050	1.035198078648884
0.002074970828447	1.092500278281473
0.002089067282178	1.120476639784713
0.002102915461859	1.147960267109517
0.002114820713631	1.173711104656897
0.002114820713631	1.173711104656897
0.002134802358541	1.222814370841098
0.002134802358541	1.222814370841098
0.002154233590758	1.270565042630148
0.002162842906770	1.293755451049858
0.002169825340487	1.315640750317090
0.002176596651144	1.336864318799017
0.002183463696148	1.359562658272056
0.002183463696148	1.359562658272056
0.002194294176642	1.397499004005477
0.002199839229337	1.416921875990638
0.002199839229337	1.416921875990638
0.002211808251786	1.464230205184649
0.002215113115433	1.489249462905995
0.002216567227543	1.514295786007790
0.002218099506113	1.540688485650792
0.002212001497451	1.569454355097194
0.002212001497451	1.569454355097194
0.002198841117934	1.631535237576199
0.002198841117934	1.631535237576199
0.002169909955157	1.695138664960044
0.002155650359959	1.726487530357546
0.002139732482251	1.756135648871756
0.002139732482251	1.756135648871756
0.002109232986410	1.812943012510781
0.002109232986410	1.812943012510781
0.002071970336062	1.868422333554470
0.002053692265418	1.894779084451085
0.002034390088034	1.920498894113969
0.002034390088034	1.920498894113969
0.001996762623587	1.970636824381781
0.001978665093441	1.994183273000444
0.001978665093441	1.994183273000444
0.001942833279086	2.038734975327630
0.001942833279086	2.038734975327630
0.001906375962958	2.082166082180879
0.001888336289145	2.102434726829823
0.001870740259600	2.122204910802390
0.001853265012978	2.141481767126540
0.001853265012978	2.141481767126540
0.001819660433418	2.178550809183978
0.001802709056986	2.196633570632059
0.001784775831130	2.215763713040066
0.001784775831130	2.215763713040066
0.001744487590854	2.256805420238878
0.001722082982368	2.278725129161326
0.001695315226634	2.303372299759594
0.001667188508513	2.329270773535586
0.001667188508513	2.329270773535586
0.001608028014718	2.383744476813481
0.001566913888515	2.412144182471318
0.001566913888515	2.412144182471318
0.001463071825071	2.475814984803403
0.001401554638155	2.508738703399170
0.001401554638155	2.508738703399170
0.001275082293792	2.576426126779523
0.001204903149238	2.610908962731105
0.001137888307202	2.643837004514792
0.001137888307202	2.643837004514792
0.000998489143940	2.708172570696288
0.000929127777957	2.739711328387969
0.000861294095719	2.770555445096826
0.000793251071249	2.800784593728019
0.000793251071249	2.800784593728019
0.000663446136889	2.856937626453388
0.000598562301046	2.885006082983389
0.000534563620063	2.912476420116214
0.000472376717645	2.939169082346271
0.000472376717645	2.939169082346271
0.000352269129753	2.989933989841510
0.000293001586895	3.014617374748055
0.000235157798642	3.038532734087405
0.000178644169507	3.061898142702203
0.000178644169507	3.061898142702203
0.000073901105164	3.104583484001161
0.000015714052327	3.127650228995448
0.000015714052327	3.127650228995448
-0.000108497983069	3.176133315106550
-0.000108497983069	3.176133315106550
-0.000245936852124	3.229779167556957
-0.000321778837212	3.257853017304154
-0.000321778837212	3.257853017304154
-0.000491985719151	3.320857201911914
-0.000491985719151	3.320857201911914
-0.000684457570860	3.385955143035920
-0.000788560050538	3.419439542099474
-0.000899005079227	3.454207532719904
-0.000899005079227	3.454207532719904
-0.001144710032219	3.525949586113136
-0.001264404245869	3.560898448811946
-0.001383033578059	3.595536382562860
-0.001497337363823	3.628445571403449
-0.001609417469686	3.660714540838478
-0.001609417469686	3.660714540838478
-0.001834126263003	3.724022129721706
-0.001834126263003	3.724022129721706
-0.002044221779493	3.783212695376752
-0.002044221779493	3.783212695376752
-0.002250510379127	3.841044356092986
-0.002352774947500	3.869291758795122
-0.002449935670195	3.896129383052231
-0.002546155777973	3.922325637330342
-0.002546155777973	3.922325637330342
-0.002729101349788	3.971895980905192
-0.002819017666872	3.996029538592981
-0.002906849784479	4.019493000606541
-0.002992131799787	4.042275228578970
-0.003075639140330	4.064375822664396
-0.003075639140330	4.064375822664396
-0.003254838541889	4.111801752031871
-0.003350412139457	4.136869580907802
-0.003350412139457	4.136869580907802
-0.003569352400695	4.194295032522349
-0.003569352400695	4.194295032522349
-0.003808347929391	4.254130217804653
-0.003937259503202	4.285143283371807
-0.003937259503202	4.285143283371807
-0.004241928737270	4.353393245883137
-0.004241928737270	4.353393245883137
-0.004555763801791	4.423696476380814
-0.004713302153123	4.458326041891113
-0.004713302153123	4.458326041891113
-0.005032946159862	4.526583207226172
-0.005189006147574	4.559908444549055
-0.005339504287863	4.591922195124328
-0.005339504287863	4.591922195124328
-0.005633865321831	4.654538256043308
-0.005633865321831	4.654538256043308
-0.005918923664791	4.714422325379140
-0.006060176189743	4.743767799599264
-0.006194314203476	4.771635220909323
-0.006326781507401	4.798953010596423
-0.006326781507401	4.798953010596423
-0.006584594819659	4.851933796968587
-0.006707158431336	4.877030036733714
-0.006827442807596	4.901483558837945
-0.006945129731839	4.925323833347663
-0.006945129731839	4.925323833347663
-0.007174775170412	4.971678895045102
-0.007174775170412	4.971678895045102
-0.007384334488708	5.013829923327819
-0.007384334488708	5.013829923327819
-0.007590573169373	5.054890714188694
-0.007690516209730	5.074788728784587
-0.007799595343973	5.096363827233588
-0.007922336534672	5.120641185973695
-0.007922336534672	5.120641185973695
-0.008188769096909	5.172087663953461
-0.008328982004331	5.198320126706363
-0.008478732610181	5.226336999492078
-0.008643943794602	5.256773232815696
-0.008643943794602	5.256773232815696
-0.008996590011869	5.321739915229247
-0.008996590011869	5.321739915229247
-0.009373416314727	5.388038450749240
-0.009563202151598	5.420599248364441
-0.009744261104596	5.451662809387646
-0.009922960441331	5.481868841089074
-0.009922960441331	5.481868841089074
-0.010275311838639	5.541283315072789
-0.010443720519169	5.569594400428810
-0.010608899475763	5.597199395179406
-0.010608899475763	5.597199395179406
-0.010932688770778	5.651153133006455
-0.011086162525332	5.676726809604034
-0.011236987025475	5.701640122966950
-0.011383914784528	5.725909769473340
-0.011383914784528	5.725909769473340
-0.011669877070425	5.772876651800594
-0.011809376705442	5.795788284787334
-0.011941050145520	5.817290381228165
-0.012070515131634	5.838314799613241
-0.012070515131634	5.838314799613241
-0.012320614205508	5.878817436621041
-0.012320614205508	5.878817436621041
-0.012320614205508	5.878817436621041
-0.012665977410545	5.934307379326114
-0.012777765843507	5.952268568154866
-0.012777765843507	5.952268568154866
-0.012982766917451	5.985046456629812
-0.013083161979320	6.000990122439845
-0.013083161979320	6.000990122439845
-0.013277887959024	6.031849156037818
-0.013372440544240	6.046833296358440
-0.013478700074373	6.063606141073088
-0.013602802609893	6.083195466890305
-0.013738989398413	6.104084580068431
-0.013884577897348	6.126415781682876
-0.013884577897348	6.126415781682876
-0.014199022075567	6.173925056250345
-0.014370597313823	6.199079048171142
-0.014549387572278	6.225290806711696
-0.014549387572278	6.225290806711696
-0.014903703231419	6.275892166407231
-0.015079254716273	6.300674990163841
-0.015245484268390	6.324141824959705
-0.015245484268390	6.324141824959705
-0.015561322211722	6.368071695399456
-0.015716002939134	6.389453162389918
-0.015716002939134	6.389453162389918
-0.016017627379177	6.431042490935156
-0.016158697033799	6.450442512368862
-0.016296723084258	6.469335403543082
-0.016431154631544	6.487696120958200
-0.016431154631544	6.487696120958200
-0.016691620827757	6.523270703869739
-0.016822128205504	6.541095456554438
-0.016941442307453	6.557324130432607
-0.016941442307453	6.557324130432607
-0.016941442307453	6.557324130432607
-0.017271372881288	6.601944707906623
-0.017378504567424	6.616358683126204
-0.017378504567424	6.616358683126204
-0.017587348638722	6.644457496623871
-0.017587348638722	6.644457496623871
-0.017779631946147	6.670248674655705
-0.017779631946147	6.670248674655705
-0.017963135551797	6.694698017015835
-0.017963135551797	6.694698017015835
-0.018141660945470	6.718484080807023
-0.018226540090098	6.729779436564316
-0.018309398325987	6.740805858377150
-0.018390445406808	6.751556965440372
-0.018390445406808	6.751556965440372
-0.018548343354410	6.772502540808687
-0.018623794298789	6.782492247787797
-0.018697979820961	6.792314412834216
-0.018769853118098	6.801797000716506
-0.018769853118098	6.801797000716506
-0.018911236043585	6.820450326351963
-0.018978790732926	6.829343141236224
-0.019045361465275	6.838106429251804
-0.019109883407916	6.846594066315662
-0.019109883407916	6.846594066315662
-0.019235311480150	6.863093692817440
-0.019235311480150	6.863093692817440
-0.019350908539417	6.878280927939164
-0.019350908539417	6.878280927939164
-0.019196842410662	6.893176587796798
-0.019121428547923	6.900467867567276
-0.018947188352173	6.907483077796854
-0.018745267173028	6.914309513397465
-0.018745267173028	6.914309513397465
-0.018341162349486	6.927521446068639
-0.018341162349486	6.927521446068639
-0.017929497808744	6.940529986164966
-0.017730563013916	6.946816296981074
-0.017730563013916	6.946816296981074
-0.017340665382518	6.958974563338824
-0.017148456821855	6.964955716581662
-0.017148456821855	6.964955716581662
-0.016769289499764	6.976754659616687
-0.016587105022550	6.982420217533318
-0.016587105022550	6.982420217533318
-0.016231148275786	6.993488263837742
-0.016055812557075	6.998939393697711
-0.016055812557075	6.998939393697711
-0.015715383915249	7.009524261029775
-0.015552241837015	7.014596799125032
-0.015427601581751	7.019567671127698
-0.015305034341367	7.024455867660815
-0.015305034341367	7.024455867660815
-0.015119268686508	7.034124980377960
-0.015039856884045	7.038816535778382
-0.015039856884045	7.038816535778382
-0.014882940842701	7.048086949978257
-0.014806435990992	7.052665859350819
-0.014732369441689	7.057132733040280
-0.014732369441689	7.057132733040280
-0.014588010352263	7.065838873996704
-0.014588010352263	7.065838873996704
-0.014446738917921	7.074440890230919
-0.014377050421168	7.078691392846099
-0.014308107013015	7.082896450356411
-0.014241011002058	7.086993089419628
-0.014174634436014	7.091045801785954
-0.014174634436014	7.091045801785954
-0.014044891339444	7.098966671360050
-0.014044891339444	7.098966671360050
-0.013850273752163	7.110850860487128
-0.013704311138768	7.119766287825658
-0.013531934347858	7.130399249040322
-0.013333896273460	7.142615111471577
-0.013333896273460	7.142615111471577
-0.012892241052690	7.170217576298408
-0.012646074765042	7.185602419444879
-0.012367728964559	7.203279160918288
-0.012367728964559	7.203279160918288
-0.011827659898174	7.238491991089491
-0.011568755403260	7.255372720939502
-0.011568755403260	7.255372720939502
-0.011093257977417	7.286375441045557
-0.010863360833127	7.301404026096993
-0.010639967838789	7.316039029659554
-0.010423391478845	7.330240841189653
-0.010423391478845	7.330240841189653
-0.010003442490695	7.357798859443171
-0.009805003083953	7.370831388256812
-0.009611792472131	7.383537854520757
-0.009424289493815	7.395877173398704
-0.009241629980935	7.407897750329129
-0.009241629980935	7.407897750329129
-0.008886216683652	7.431314935412701
-0.008886216683652	7.431314935412701
-0.008557235269430	7.453003539950994
-0.008396780835929	7.463598117818057
-0.008396780835929	7.463598117818057
-0.008084492669451	7.484228220919372
-0.007902725742353	7.496241442570851
-0.007702006161596	7.509507270694423
-0.007478567507827	7.524321055414743
-0.007231961704134	7.540670801643024
-0.007231961704134	7.540670801643024
-0.006695916920747	7.576506282289150
-0.006384200280011	7.597345055452085
-0.006058981543322	7.619545850861621
-0.006058981543322	7.619545850861621
-0.005371918225370	7.666810363523727
-0.005011916341094	7.691780629692194
-0.004635808470257	7.718072049356278
-0.004237732071231	7.746525390061188
-0.003842445313871	7.774779335310895
-0.003461462792482	7.802179879149741
-0.003461462792482	7.802179879149741
-0.002740303294307	7.854259714772071
-0.002740303294307	7.854259714772071
-0.002057580071682	7.903635989322361
-0.001725485372353	7.927653920025959
-0.001404886856814	7.950944510859906
-0.001404886856814	7.950944510859906
-0.000780619344035	7.996295810090287
-0.000478773549696	8.018310117156275
-0.000186295131275	8.039641239981357
0.000088808529340	8.059730940346391
0.000355239826870	8.079235137249427
0.000613368196878	8.098153650141420
0.000613368196878	8.098153650141420
0.001113535630060	8.134811472884721
0.001355520495537	8.152587761358978
0.001583103947508	8.169324455051303
0.001583103947508	8.169324455051303
0.002024044466248	8.201820368027203
0.002237662124398	8.217578776918590
0.002445233054795	8.232891123395465
0.002693832986101	8.251264806875593
0.002961071435522	8.271087059757800
0.002961071435522	8.271087059757800
0.003531654327642	8.313611347947598
0.003833926779897	8.336266776623997
0.004172373639852	8.361633490127735
0.004522145476817	8.388455163370850
0.004879384543192	8.415849448717259
0.004879384543192	8.415849448717259
0.005587165395613	8.470966543082296
0.005928810174661	8.497571483667562
0.006261511437303	8.523622617631794
0.006574161736095	8.548283744036549
0.006877247288455	8.572223623697834
0.006877247288455	8.572223623697834
0.007466252735384	8.618747515745817
0.007743593404493	8.640688034196561
0.008012105154721	8.662019092755786
0.008012105154721	8.662019092755786
0.008532383757207	8.703350964926381
0.008776210237685	8.722747248767472
0.009013233383322	8.741602330466057
0.009013233383322	8.741602330466057
0.009013233383322	8.741602330466057
0.009700576100187	8.796489464194787
0.009908885631493	8.813145090241280
0.010111314703314	8.829368543019374
0.010111314703314	8.829368543019374
0.010491748214802	8.859857963601758
0.010491748214802	8.859857963601758
0.010860344617619	8.889494875374567
0.011034017518746	8.903486575798631
0.011202550219710	8.917089265230580
0.011366196374984	8.930309486740654
0.011366196374984	8.930309486740654
0.011684374582636	8.956034678072220
0.011835060043381	8.968217826431610
0.011981541125770	8.980088653779108
0.011981541125770	8.980088653779108
0.012259642529382	9.002625992345548
0.012259642529382	9.002625992345548
0.012530014839120	9.024595771070690
0.012658586827503	9.035043209781266
0.012784096241640	9.045241791356380
0.012906587943651	9.055212424740395
0.013026191331539	9.064947953862287
0.013142725384381	9.074448474452184
0.013142725384381	9.074448474452184
0.013370729608558	9.093036679131966
0.013482932820102	9.102192873004807
0.013588768020807	9.110829413821074
0.013692928296605	9.119336671014162
0.013692928296605	9.119336671014162
0.013892885909506	9.135675254468683
0.013990869526298	9.143681518780898
0.014086755769507	9.151525282415017
0.014180582688340	9.159200587539274
0.014272892572448	9.166759370905043
0.014272892572448	9.166759370905043
0.014453434605608	9.181547550887863
0.014541809697564	9.188786345881905
0.014627430679633	9.195801999909797
0.014709933027108	9.202565956288785
0.014789972484235	9.209129999419961
0.014789972484235	9.209129999419961
0.014830038069202	9.222021449487379
0.014803172047044	9.228207344254670
0.014776755245630	9.234289806059763
0.014776755245630	9.234289806059763
0.014704910686604	9.246262489292612
0.014665985277182	9.252051471400419
0.014623068745262	9.257760193524209
0.014623068745262	9.257760193524209
0.014537785813683	9.268857563247023
0.014537785813683	9.268857563247023
0.014452542538750	9.279725298913391
0.014409921111029	9.285129777716531
0.014368963808055	9.290323242309185
0.014328247131799	9.295460172412746
0.014288023121032	9.300534946456027
0.014288023121032	9.300534946456027
0.014208605030262	9.310539764244595
0.014169975627490	9.315401269994904
0.014131842765022	9.320197392630012
0.014094170773704	9.324935549657225
0.014094170773704	9.324935549657225
0.014019628851452	9.334306591753174
0.013983617851872	9.338833716662126
0.013947803429211	9.343334320630310
0.013912474685557	9.347773891955828
0.013912474685557	9.347773891955828
0.013842552933803	9.356553526230773
0.013808089125147	9.360880929765914
0.013774412040851	9.365109549364776
0.013741584000249	9.369230181729669
0.013709516465475	9.373254009026690
0.013677945070308	9.377215580833596
0.013677945070308	9.377215580833596
0.013658903711948	9.385016032699507
0.013658903711948	9.385016032699507
0.013640076446658	9.392728779546788
0.013640076446658	9.392728779546788
0.013675515579606	9.400174543365305
0.013703194415040	9.403789005096188
0.013733013993250	9.407392508602822
0.013762695382079	9.410952046602313
0.013792065028382	9.414474198906113
0.013821232898041	9.417956802845802
0.013821232898041	9.417956802845802
0.013879453262594	9.424890155777296
0.013907675985164	9.428251146347707
0.013907675985164	9.428251146347707
0.013963628539194	9.434896724273042
0.013991324392754	9.438184750787359
0.013991324392754	9.438184750787359
0.014046235847284	9.444703788665729
0.014073334210171	9.447921288637694
0.014100395748122	9.451134619727767
0.014143673199476	9.456273454785295
0.014199553580110	9.462910040940956
0.014199553580110	9.462910040940956
0.014336783464600	9.479208032135771
0.014433022392914	9.490758332019650
0.014541290974950	9.503752393907268
0.014541290974950	9.503752393907268
0.014774562423316	9.533074197369910
0.014915693211083	9.550814084743232
0.015069298851939	9.570122038817734
0.015227513194099	9.590668244570997
0.015391747605138	9.612766661117261
0.015391747605138	9.612766661117261
0.015741813596234	9.659869482267785
0.015929581656932	9.686059863869701
0.016118549901900	9.713335654237493
0.016316962374872	9.741974630167457
0.016316962374872	9.741974630167457
0.016718199857322	9.801722356822015
0.016918001778106	9.831903086500024
0.016918001778106	9.831903086500024
0.017289955511297	9.889496612570291
0.017469579867662	9.917455026604776
0.017469579867662	9.917455026604776
0.017819059491089	9.972168828596551
0.017989469736702	9.998847901740778
0.017989469736702	9.998847901740778
0.018301459506889	10.048103115409491
0.018452698571089	10.072048363485495
0.018452698571089	10.072048363485495
0.018746010467736	10.118617191283846
0.018883662273908	10.140533190373482
0.019016114517743	10.161794444707212
0.019144501237407	10.182459642412161
0.019144501237407	10.182459642412161
0.019393360920602	10.222516235239414
0.019513950573728	10.241978137473470
0.019626859065271	10.260247497112513
0.019736540368061	10.277994675725703
0.019736540368061	10.277994675725703
0.019941181293310	10.311357129178385
0.019941181293310	10.311357129178385
0.020133237133935	10.342815356621012
0.020133237133935	10.342815356621012
0.020314226061161	10.372460853570132
0.020314226061161	10.372460853570132
0.020488765893803	10.401233259145629
0.020488765893803	10.401233259145629
0.020648566833809	10.427680501605195
0.020648566833809	10.427680501605195
0.020799357489948	10.452727059490231
0.020799357489948	10.452727059490231
0.020945598100339	10.477099785065505
0.021016474736606	10.488949031184498
0.021083997795599	10.500237621993053
0.021149423548381	10.511221553248825
0.021213003242012	10.521909897732982
0.021213003242012	10.521909897732982
0.021337175715658	10.542810661380290
0.021337175715658	10.542810661380290
0.021337175715658	10.542810661380290
0.021510509676450	10.572022974330276
0.021566790901811	10.581519241926445
0.021622193086384	10.590867189963054
0.021696117837939	10.603393339953580
0.021778924537978	10.617424488156004
0.021868990927780	10.633110472777689
0.021868990927780	10.633110472777689
0.022063400251750	10.667553559040112
0.022177034581780	10.687685911499889
0.022293625344003	10.709164988057958
0.022414823175350	10.731967165453620
0.022414823175350	10.731967165453620
0.022663226568318	10.778701815481172
0.022777602198857	10.801175362097089
0.022885074385241	10.822292458275882
0.022985823633288	10.842924218829657
0.023083069795040	10.862838605913931
0.023083069795040	10.862838605913931
0.023270202990657	10.901617179577777
0.023270202990657	10.901617179577777
0.023439637949532	10.936891772748448
0.023521172512086	10.954052915017989
0.023521172512086	10.954052915017989
0.023679015939376	10.987275310860801
0.023752942222124	11.002931622395753
0.023752942222124	11.002931622395753
0.023891186963176	11.032455925975635
0.023958120780830	11.046788178579728
0.024023116733518	11.060740492286930
0.024023116733518	11.060740492286930
0.024148945998944	11.087816561415568
0.024210241221987	11.101006129762339
0.024210241221987	11.101006129762339
0.024325497505540	11.125918454693981
0.024380199537026	11.137742146563825
0.024380199537026	11.137742146563825
0.024483494911396	11.160208830645070
0.024533563339382	11.171158303199277
0.024582297884103	11.181833477923576
0.024629798272673	11.192255336124935
0.024629798272673	11.192255336124935
0.024629798272673	11.192255336124935
0.024765091797392	11.222033472672598
0.024809336588618	11.231771761606955
0.024851146225134	11.241000038435558
0.024891500917889	11.249940814087351
0.024930531763254	11.258588285003230
0.024930531763254	11.258588285003230
0.024909062608662	11.275460462424432
0.024847348191582	11.283687151166930
0.024847348191582	11.283687151166930
0.024617047599725	11.299084222942293
0.024424966413424	11.306670262352595
0.024424966413424	11.306670262352595
0.024002455119035	11.321429340874673
0.023794744043386	11.328685061884107
0.023582257759736	11.335831454262561
0.023377282786320	11.342725224357455
0.023377282786320	11.342725224357455
0.022970748959544	11.356187870728307
0.022770828490799	11.362808374105239
0.022573536758168	11.369324339687619
0.022382861158155	11.375617583161695
0.022193883119044	11.381850412248767
0.022010305352563	11.387905130818400
0.022010305352563	11.387905130818400
0.021646881236564	11.399887073643670
0.021406255810600	11.407818442495090
0.021075531812153	11.418719593149468
0.020694556848283	11.431240127772298
0.020263069098955	11.445382083714556
0.020263069098955	11.445382083714556
0.019304947691879	11.476701206678776
0.018747805178484	11.494712846533364
0.018747805178484	11.494712846533364
0.017647513698275	11.530283734412333
0.017115991479159	11.547413078199028
0.017115991479159	11.547413078199028
0.016113290510527	11.579727079362520
0.015626254743869	11.595401483464579
0.015626254743869	11.595401483464579
0.014705635663994	11.625012747192553
0.014257133146386	11.639421068111167
0.013823745722109	11.653343810673237
0.013413451990558	11.666519695207541
0.013413451990558	11.666519695207541
0.012634975710752	11.691502024903212
0.012634975710752	11.691502024903212
0.011876370935839	11.715838740106884
0.011507359903745	11.727669859749122
0.011156103217482	11.738931744947322
0.010814638939316	11.749879668931090
0.010814638939316	11.749879668931090
0.010146781152383	11.771275133458801
0.009829333666898	11.781439833626713
0.009829333666898	11.781439833626713
0.009207874491693	11.801330188898913
0.008903595873753	11.811064744238143
0.008607532970877	11.820536460428555
0.008317500586213	11.829813505932645
0.008039965087981	11.838690823026338
0.007768190160875	11.847379289034722
0.007502173289553	11.855883673779637
0.007502173289553	11.855883673779637
0.006981527100497	11.872520165710371
0.006726503213971	11.880669083189286
0.006476484066135	11.888658081520491
0.006236206285062	11.896333586778031
0.005999911268642	11.903881865411059
0.005999911268642	11.903881865411059
0.005538179211349	11.918625793676059
0.005311268102676	11.925870606968545
0.005311268102676	11.925870606968545
0.004880695267849	11.939617927738245
0.004670934970836	11.946312757976354
0.004463129059400	11.952943066739934
0.004259764316967	11.959431674425087
0.004259764316967	11.959431674425087
0.003859109767379	11.972213973453542
0.003665339165071	11.978395311302950
0.003474745371377	11.984475308045408
0.003223033533406	11.992502258875213
0.003223033533406	11.992502258875213
0.002629393535348	12.011433108983105
0.002629393535348	12.011433108983105
0.001737734362274	12.039842984953466
0.001242568931205	12.055561643602246
0.001242568931205	12.055561643602246
0.000150400165500	12.090023502754834
-0.000414840273134	12.107858874901682
-0.000414840273134	12.107858874901682
-0.001487610448331	12.141354748879444
-0.001487610448331	12.141354748879444
-0.002526423310340	12.173759061483075
-0.003016364774080	12.189036761031742
-0.003016364774080	12.189036761031742
-0.003942797862048	12.217874627788145
-0.004392948085098	12.231886834736809
-0.004392948085098	12.231886834736809
-0.005267389707194	12.259095938732317
-0.005681873814502	12.271993016015976
-0.006084427235174	12.284506608003557
-0.006477213182773	12.296712931507587
-0.006477213182773	12.296712931507587
-0.007241417314603	12.320454861202284
-0.007614036811200	12.332027965199764
-0.007968375959607	12.343030390054043
-0.007968375959607	12.343030390054043
-0.008641739399760	12.363938694098934
-0.008970877374543	12.374151170907837
-0.009288426582612	12.383999835115794
-0.009288426582612	12.383999835115794
-0.009903450742646	12.403070785209053
-0.010134634927151	12.412006295792784
-0.010230315581765	12.420845068537794
-0.010323038679675	12.429410628566023
-0.010323038679675	12.429410628566023
-0.010314638304411	12.446224525358602
-0.010310521960006	12.454463656089553
-0.010278346662926	12.462354937711790
-0.010246756074394	12.470102814292321
-0.010203749448957	12.477702842603408
-0.010203749448957	12.477702842603408
-0.010119470455118	12.492596425457359
-0.010119470455118	12.492596425457359
-0.010038405452548	12.506713416529266
-0.009998335179423	12.513585601711762
-0.009958782242743	12.520369061972520
-0.009958782242743	12.520369061972520
-0.009880833485409	12.533714370019316
-0.009842528555505	12.540272410285157
-0.009805544130815	12.546604372199106
-0.009769216081827	12.552823958539278
-0.009733498760713	12.558945682939910
-0.009697841845178	12.565059286760583
-0.009662607245930	12.571100481781340
-0.009627966534351	12.577039851002898
-0.009594515303757	12.582777372336466
-0.009561496528752	12.588447453443997
-0.009529138659159	12.594004041931409
-0.009529138659159	12.594004041931409
-0.009441501061658	12.609065825991415
-0.009389450998830	12.618014656473859
-0.009318655644916	12.630186315578506
-0.009241086691144	12.643899279481221
-0.009155725800832	12.659233762012693
-0.009155725800832	12.659233762012693
-0.008976104837784	12.692835736468382
-0.008878084736708	12.711172510064131
-0.008767108860636	12.732417716787495
-0.008648692660106	12.755087298219832
-0.008532020990222	12.779200643958823
-0.008532020990222	12.779200643958823
-0.008286806127433	12.829880905693662
-0.008164229228715	12.856556765470733
-0.008033139081952	12.885800580608223
-0.007906651506995	12.916021379739876
-0.007776812932396	12.947042809977621
-0.007651687083664	12.977559634004090
-0.007651687083664	12.977559634004090
-0.007412456899994	13.037143701895989
-0.007295622153142	13.066285768601453
-0.007185219151925	13.094044847786382
-0.007078494743132	13.121143933274615
-0.006974878160820	13.147453890423467
-0.006874605059384	13.173151211952650
-0.006874605059384	13.173151211952650
-0.006680336844437	13.223169106937691
-0.006589059461409	13.246996906860034
-0.006501692205427	13.269803975010499
-0.006416482370971	13.292150386980790
-0.006334121137767	13.313749748830036
-0.006254543124323	13.334810429208977
-0.006254543124323	13.334810429208977
-0.006100756390375	13.375510782359360
-0.006025455057792	13.395439619848343
-0.005956574762101	13.413913896390202
-0.005890042737229	13.431985538653121
-0.005890042737229	13.431985538653121
-0.005761316834935	13.466950481636161
-0.005700920472332	13.483419869786896
-0.005642365564932	13.499387114444122
-0.005642365564932	13.499387114444122
-0.005529804489168	13.530432937305896
-0.005529804489168	13.530432937305896
-0.005429365162964	13.558510785501932
-0.005381280104222	13.571952980216718
-0.005381280104222	13.571952980216718
-0.005049537754319	13.598059710945522
-0.004772790369742	13.610387597145515
-0.004081748486631	13.622298961146063
-0.003416009277418	13.633774187531278
-0.002716226497682	13.645030836923249
-0.002716226497682	13.645030836923249
-0.001276415846062	13.666962304669822
-0.000573505195611	13.677411590103146
0.000131992640387	13.687590587456238
0.000821012440782	13.697531837969823
0.000821012440782	13.697531837969823
0.002172182210292	13.716967675026067
0.002817813066248	13.726240300517510
0.002817813066248	13.726240300517510
0.004083105679341	13.744385798354793
0.004700836838554	13.753244649894386
0.005280567652109	13.761555159404598
0.005845179065522	13.769648930532577
0.006302990193191	13.777527654826914
0.006761773618244	13.785423111923400
0.007154983071567	13.793150172113839
0.007539307610068	13.800702632555879
0.007798938789644	13.807952919706040
0.007798938789644	13.807952919706040
0.008229936093543	13.821911726078456
0.008229936093543	13.821911726078456
0.008629166262783	13.835628440070110
0.008629166262783	13.835628440070110
0.008999582495301	13.848635076704523
0.008999582495301	13.848635076704523
0.009363568678345	13.861415931340979
0.009537378958435	13.867579366431070
0.009708858905126	13.873660166255648
0.009877266809972	13.879642772794142
0.009877266809972	13.879642772794142
0.009877266809972	13.879642772794142
0.010365938566027	13.897015750581797
0.010526455138643	13.902724507743130
0.010681931552517	13.908255479671473
0.010834933394315	13.913698420313667
0.010834933394315	13.913698420313667
0.011132274137870	13.924277928737714
0.011278796003835	13.929491238211392
0.011423287004498	13.934633264234147
0.011423287004498	13.934633264234147
0.011665667694200	13.944385231810763
0.011784613597469	13.949170912524297
0.011784613597469	13.949170912524297
0.011943705345343	13.958450693015902
0.012001513529123	13.963001480248938
0.012001513529123	13.963001480248938
0.012083688301362	13.971910935683463
0.012083688301362	13.971910935683463
0.012163472438468	13.980561196518387
0.012163472438468	13.980561196518387
0.012237299102631	13.989131799568034
0.012273238820333	13.993369054460407
0.012308282927776	13.997500717845819
0.012342302597175	14.001584959225623
0.012375952569477	14.005624816512020
0.012375952569477	14.005624816512020
0.012442202787089	14.013604531666722
0.012475402861680	14.017603418732978
0.012507382296748	14.021458002409009
0.012507382296748	14.021458002409009
0.012570646234849	14.029093210329501
0.012631014999387	14.036380411031827
0.012631014999387	14.036380411031827
0.012803452762688	14.057353402344964
0.012902435502773	14.069448741410350
0.012902435502773	14.069448741410350
0.013121620787539	14.096789420911104
0.013255976314303	14.113548627170548
0.013394010104352	14.131865641171654
0.013394010104352	14.131865641171654
0.013691870868832	14.171391613699530
0.013846215810726	14.192629709207544
0.014020504957489	14.216612157220290
0.014195201400732	14.241978113291228
0.014378552283057	14.268600695527436
0.014567887428029	14.296554869669592
0.014567887428029	14.296554869669592
0.014957371527721	14.354059810709312
0.015139071041842	14.381730979647305
0.015317014686085	14.408830164062399
0.015317014686085	14.408830164062399
0.015651796333042	14.461519693829198
0.015815928646540	14.487351618895444
0.015969099296484	14.511557777114113
0.016118426848989	14.535156595579963
0.016262344587450	14.558124754126952
0.016401852935794	14.580389208096760
0.016401852935794	14.580389208096760
0.016671547677626	14.623680652669229
0.016802248835675	14.644660824180137
0.016924739109484	14.664432867320674
0.017042715064072	14.683579936929837
0.017157255331628	14.702264705942895
0.017294849798317	14.724710269257764
0.017294849798317	14.724710269257764
0.017481999675440	14.755316845719745
0.017582345507694	14.771766137279545
0.017582345507694	14.771766137279545
0.017770122257742	14.802758712411215
0.017770122257742	14.802758712411215
0.017951789409207	14.832867306887477
0.018039968442223	14.847481653647515
0.018039968442223	14.847481653647515
0.018206261778140	14.875098343031050
0.018206261778140	14.875098343031050
0.018362561784035	14.901196242281543
0.018438641642850	14.913899533487188
0.018438641642850	14.913899533487188
0.018578547270092	14.937339231021658
0.018578547270092	14.937339231021658
0.018739463140204	14.964422231081340
0.018827921273366	14.979330255178365
0.018934486645274	14.997289928026367
0.019046379130251	15.016680017943115
0.019166697502954	15.037530248106918
0.019166697502954	15.037530248106918
0.019408066994734	15.081736570648062
0.019532701194201	15.104563066161974
0.019532701194201	15.104563066161974
0.019745964426089	15.145523814047200
0.019745964426089	15.145523814047200
0.019946066962920	15.184230050396451
0.019946066962920	15.184230050396451
0.020138192216998	15.221772292528508
0.020228032584982	15.239400946903004
0.020314817438350	15.256546521810925
0.020399149738692	15.273256795800528
0.020500324919368	15.293304452311702
0.020500324919368	15.293304452311702
0.020637814242791	15.320700935086730
0.020711743034143	15.335432179727436
0.020783489721939	15.349838704572205
0.020852498430596	15.363695451222327
0.020852498430596	15.363695451222327
0.020986893474669	15.390803352768501
0.021051860809515	15.403937098762096
0.021113449808482	15.416413408302994
0.021173400227432	15.428605142885264
0.021231071467624	15.440356286761814
0.021231071467624	15.440356286761814
0.021344038660300	15.463374583750879
0.021409236439039	15.476727455067470
0.021481031432637	15.491431473045385
0.021559518653674	15.507610227111771
0.021559518653674	15.507610227111771
0.021750601639318	15.548936072416772
0.021750601639318	15.548936072416772
0.021954884599867	15.593116698952628
0.022057492177551	15.616376923842877
0.022162814063751	15.640252458322674
0.022162814063751	15.640252458322674
0.022344588283905	15.683462546882733
0.022429964858405	15.704498098083862
0.022429964858405	15.704498098083862
0.022592561670803	15.745271262961989
0.022671453923588	15.765054472626375
0.022744734019052	15.783641383209103
0.022815779104457	15.801661401352053
0.022815779104457	15.801661401352053
0.022951884850210	15.836646736654686
0.023017432450402	15.853625614362414
0.023079126902450	15.869721888980981
0.023079126902450	15.869721888980981
0.023193433753747	15.899745171437145
0.023249102098669	15.914366748573725
0.023249102098669	15.914366748573725
0.023357289729808	15.942870516262628
0.023408119311258	15.956262385241862
0.023457176310261	15.969300680056124
0.023457176310261	15.969300680056124
0.023552762473228	15.994705425520619
0.023599145455416	16.007099698235699
0.023643205672962	16.018873291187070
0.023685392464725	16.030227074959619
0.023726673390312	16.041362601213539
0.023726673390312	16.041362601213539
0.023726673390312	16.041362601213539
0.023845643019232	16.073519333565788
0.023813825655321	16.083283288860287
0.023782649297708	16.092850535312266
0.023782649297708	16.092850535312266
0.023154482661444	16.111023703241955
0.023154482661444	16.111023703241955
0.022541436515920	16.128759427981382
0.022230166324537	16.137456544369247
0.021918565483284	16.145960398684366
0.021918565483284	16.145960398684366
0.021333081038894	16.161938771524582
0.021039313556721	16.169765455542755
0.021039313556721	16.169765455542755
0.020460417535462	16.185123622931048
0.020179959937548	16.192549373649356
0.020179959937548	16.192549373649356
0.019634164552920	16.207000543806949
0.019634164552920	16.207000543806949
0.019106231376264	16.220969498962280
0.018847134337715	16.227825129698136
0.018847134337715	16.227825129698136
0.018083387933529	16.248031350277156
0.017644934082310	16.259628781017451
0.017644934082310	16.259628781017451
0.016641415702134	16.286119517514095
0.016023771962919	16.302423989726655
0.015369315294526	16.319591464842105
0.014713603502096	16.336791863925978
0.014713603502096	16.336791863925978
0.013454433167958	16.369658717709271
0.012836540385240	16.385757584127543
0.012257308957520	16.400835739359234
0.011693375651218	16.415496732157351
0.011693375651218	16.415496732157351
0.010596291064302	16.444006194416620
0.010063476654593	16.457852211839484
0.009558997079461	16.470952643516636
0.009072857080959	16.483576829211831
0.008609493138842	16.495599236497398
0.008157264181499	16.507332736274414
0.008157264181499	16.507332736274414
0.007679281836262	16.529457184575481
0.007679281836262	16.529457184575481
0.007974857748752	16.550408573188648
0.008150803493756	16.560602065232782
0.008322853551678	16.570569858978438
0.008505254116615	16.580313506835143
0.008683206375320	16.589819530814445
0.008683206375320	16.589819530814445
0.009051789487469	16.608023816450245
0.009231596063286	16.616904446510262
0.009413399657323	16.625622380919541
0.009413399657323	16.625622380919541
0.009768424322167	16.642646696407763
0.009943248520449	16.650992419392182
0.010111301994932	16.659014922903626
0.010275664457985	16.666849864725968
0.010436913140207	16.674534816632423
0.010595379942951	16.682087186928186
0.010750548212854	16.689485357500907
0.010750548212854	16.689485357500907
0.011055276913360	16.704014325995267
0.011201617954099	16.710993401464453
0.011345436573686	16.717852181441042
0.011486868755258	16.724597151027016
0.011486868755258	16.724597151027016
0.011764818433521	16.737856749119974
0.011901332178824	16.744371129086289
0.012035788010615	16.750789101533954
0.012240512049693	16.760561431474013
0.012240512049693	16.760561431474013
0.012708816092251	16.783108804392306
0.012708816092251	16.783108804392306
0.013312067024567	16.812120696401436
0.013312067024567	16.812120696401436
0.013999988141957	16.845943950091005
0.014329051344982	16.862123113536416
0.014329051344982	16.862123113536416
0.014966928196190	16.893776905391789
0.015266770922020	16.908656202570839
0.015556170045547	16.923098591202450
0.015837300349671	16.937128326534083
0.015837300349671	16.937128326534083
0.016384078242351	16.964436192595240
0.016649299402132	16.977690665913599
0.016907573505775	16.990597958900263
0.017152223374160	17.002838069786524
0.017387080559922	17.014588241634762
0.017612608727847	17.025887938713087
0.017832203217925	17.036890339170565
0.017832203217925	17.036890339170565
0.017920363238290	17.058178658774384
0.017962151834422	17.068269502521648
0.017707362519240	17.078129970872514
0.017362477580631	17.087704672745851
0.017362477580631	17.087704672745851
0.016619981590633	17.106428819709500
0.016238324051940	17.115378031882230
0.015844041200312	17.124137494648668
0.015458472779927	17.132703355954426
0.015073890816060	17.141092324018164
0.015073890816060	17.141092324018164
0.014321504346819	17.157504289879991
0.013957698457719	17.165389205971927
0.013599466198692	17.173153322465058
0.013599466198692	17.173153322465058
0.012912432623263	17.188000060486331
0.012912432623263	17.188000060486331
0.012250090697201	17.202304140049023
0.011928913260629	17.209238118656742
0.011616676481690	17.215978375966081
0.011282491054357	17.222553543343473
0.010923706503566	17.228999123001536
0.010923706503566	17.228999123001536
0.010220489508732	17.241632446111790
0.010220489508732	17.241632446111790
0.009400100262715	17.253768003076718
0.008896383886444	17.259592028017586
0.008896383886444	17.259592028017586
0.007904644311405	17.271058631630190
0.007393169956617	17.276699579254604
0.006706261650734	17.284201678676158
0.005871584622936	17.293147901449458
0.005871584622936	17.293147901449458
0.003925166439146	17.314009971570297
0.002796097185650	17.326119145187118
0.002796097185650	17.326119145187118
-0.000255325054482	17.358442487216049
-0.001794701878660	17.374689263932730
-0.001794701878660	17.374689263932730
-0.004744565134644	17.405822491945504
-0.006106711555455	17.420202507850622
-0.007426942589181	17.434140028056511
-0.008977245652280	17.447589585683804
-0.008977245652280	17.447589585683804
-0.011980714108930	17.473645989138710
-0.013704361946288	17.485890316870361
-0.015690023851566	17.497764052677276
-0.017895086167524	17.509177100361899
-0.020039635844919	17.520276944367676
-0.020039635844919	17.520276944367676
-0.024754277398300	17.541878376351256
-0.027035049765190	17.552328364668622
-0.029267428707805	17.562556625151306
-0.031425163059145	17.572087816360732
-0.031425163059145	17.572087816360732
-0.035791642176874	17.590577332074549
-0.037913137792857	17.599560640014634
-0.040076219703060	17.608091411423715
-0.040076219703060	17.608091411423715
-0.044188239812954	17.624308413388185
-0.044188239812954	17.624308413388185
-0.048645753097791	17.640097178005586
-0.050954853508835	17.647758343524494
-0.053228974305891	17.655075354680296
-0.055578967457223	17.662216073781973
-0.057917674909296	17.669135201673384
-0.060245106583496	17.675954948102969
-0.060245106583496	17.675954948102969
-0.064749945389013	17.689051183795922
-0.066936723375157	17.695408472291938
-0.069072692478700	17.701571928359282
-0.069072692478700	17.701571928359282
-0.073258754845126	17.713651041043004
-0.075362522920513	17.719541884686294
-0.077428723762141	17.725327534842350
-0.079551115087883	17.730850758643086
-0.079551115087883	17.730850758643086
-0.083769135370879	17.741442909840806
-0.085880404461626	17.746744658037329
-0.087905519146910	17.751830058177706
-0.089935903111721	17.756784887875423
-0.091926111827132	17.761641676255689
-0.093915486483496	17.766378189770609
-0.095868667355710	17.771028529297524
-0.097826927632944	17.775690962408948
-0.099743305474220	17.780191988314400
-0.101626348681212	17.784614720655174
-0.103550465810337	17.788952365455234
-0.105438135578552	17.793207844932233
-0.107344409654080	17.797392565120820
-0.107344409654080	17.797392565120820
-0.112739959338746	17.809237066383147
-0.116090017965019	17.816463018889703
-0.120838591559487	17.826596229390987
-0.120838591559487	17.826596229390987
-0.132981650220799	17.852508888655205
-0.132981650220799	17.852508888655205
-0.146039329986651	17.880250604276984
-0.152224450107961	17.893391211687241
-0.152224450107961	17.893391211687241
-0.164117948351892	17.917899694557338
-0.164117948351892	17.917899694557338
-0.175836223114865	17.940695724729267
-0.181839322066888	17.951660966516709
-0.181839322066888	17.951660966516709
-0.193710262310032	17.972694040575561
-0.199334821533809	17.982659701953597
-0.205162193380549	17.992131167252719
-0.210820761698068	18.001328269286297
-0.216561598736908	18.010183440536867
-0.222121375685510	18.018759328802247
-0.227835570713661	18.026964185310018
-0.227835570713661	18.026964185310018
-0.238719906066941	18.042592705043099
-0.244150407002014	18.050055221843689
-0.249552988995556	18.057270536083319
-0.254846530645432	18.064340223593863
-0.259972951500325	18.071144525236328
-0.259972951500325	18.071144525236328
-0.269729445400778	18.084094325760056
-0.274521934734368	18.090270778310472
-0.274521934734368	18.090270778310472
-0.283982000431263	18.102462698382400
-0.288703674283446	18.108362977214256
-0.293303435055405	18.113902104027847
-0.297805474593568	18.119323552915734
-0.297805474593568	18.119323552915734
-0.306836196517776	18.130147832658682
-0.306836196517776	18.130147832658682
-0.315113076946038	18.140047214677832
-0.319259159489427	18.144951890928759
-0.323261272153461	18.149638985607034
-0.323261272153461	18.149638985607034
-0.331024969383103	18.158625438775822
-0.334886511131796	18.162951871224067
-0.340057358963396	18.168745237008899
-0.346198205850622	18.175613522756862
-0.346198205850622	18.175613522756862
-0.360520212049536	18.191582829522385
-0.368776535894852	18.200787751779043
-0.378098658996363	18.211155024503700
-0.378098658996363	18.211155024503700
-0.397770926727999	18.232999455302906
-0.407417777055744	18.243704282979763
-0.407417777055744	18.243704282979763
-0.425776143571751	18.264076025393681
-0.434638858630672	18.273909259358614
-0.443209384783124	18.282858731279802
-0.451530450891454	18.291547713282331
-0.451530450891454	18.291547713282331
-0.467433855185987	18.307772966475216
-0.467433855185987	18.307772966475216
-0.483249331489471	18.323160394009065
-0.490813891253266	18.330349475152055
-0.498129338328504	18.337301808699980
-0.505365081573763	18.343923061962990
-0.505365081573763	18.343923061962990
-0.519443103109801	18.356805518246013
-0.526378593094635	18.362947200313222
-0.526378593094635	18.362947200313222
-0.539422214683150	18.374289287296723
-0.539422214683150	18.374289287296723
-0.552390036030849	18.384959139857930
-0.558775622850702	18.390178413942074
-0.558775622850702	18.390178413942074
-0.570643255906925	18.399825405503222
-0.570643255906925	18.399825405503222
-0.582178883286654	18.409153186852222
-0.587820984154684	18.413715425342907
-0.593404450192963	18.418132285313209
-0.598710047749260	18.422329334476629
-0.598710047749260	18.422329334476629
-0.609127868920958	18.430277411128710
-0.609127868920958	18.430277411128710
-0.619402434799768	18.438101441349094
-0.624443713981551	18.441935343242665
-0.624443713981551	18.441935343242665
-0.639922476128047	18.453698901451585
-0.648851930322296	18.460485112984120
-0.659667138365078	18.468695160662737
-0.670546890179619	18.476954204850841
-0.683993417271687	18.487155058328906
-0.683993417271687	18.487155058328906
-0.710851044983870	18.507511592315659
-0.723709216564388	18.517257345350561
-0.736116457034648	18.526659916771692
-0.747640271869929	18.535392169228253
-0.759019355602868	18.543423490762166
-0.770061513141243	18.551217010846923
-0.770061513141243	18.551217010846923
-0.792216593479459	18.566423753750932
-0.792216593479459	18.566423753750932
-0.812016545817000	18.578885771502708
-0.821855135722301	18.585078144088367
-0.831488188646073	18.590910435159792
-0.831488188646073	18.590910435159792
-0.831488188646073	18.590910435159792
-0.858607453514145	18.607329679152873
-0.867283142366258	18.612326720376004
-0.875813979194140	18.617015207085320
-0.884148356743391	18.621595721184757
-0.884148356743391	18.621595721184757
-0.900483376307165	18.630358788904541
-0.908306651344923	18.634357846308955
-0.908306651344923	18.634357846308955
-0.923489753450640	18.641583975702815
-0.923489753450640	18.641583975702815
-0.938065563300696	18.648359739459963
-0.938065563300696	18.648359739459963
-0.938065563300696	18.648359739459963
-0.959661638351016	18.657943538369036
-0.966353726114722	18.660846012944521
-0.972890244799328	18.663586003946168
-0.979310619988233	18.666235519624664
-0.985579980470555	18.668822715606723
-0.985579980470555	18.668822715606723
-0.997910083511602	18.673818824534269
-1.003838334405951	18.676220928322000
-1.003838334405951	18.676220928322000
-1.015349251065222	18.680621505728194
-1.021011600868126	18.682701521831078
-1.021011600868126	18.682701521831078
-1.032136654965052	18.686788215954987
-1.037616505018008	18.688722310371972
-1.042910671138889	18.690590868277393
-1.048153808113709	18.692333925941494
-1.053305587418463	18.694012993497786
-1.058461115995919	18.695693283016780
-1.063546642859157	18.697318089049276
-1.068475830598527	18.698862073452915
-1.073312864264489	18.700377192157053
-1.078107613504089	18.701792240419934
-1.082814424647594	18.703181335990838
-1.082814424647594	18.703181335990838
-1.092158838898023	18.705831740976592
-1.096638825237394	18.707102422884709
-1.101121505743877	18.708300165169124
-1.101121505743877	18.708300165169124
-1.109748947969167	18.710605360095386
-1.109748947969167	18.710605360095386
-1.118175373282822	18.712725469019901
-1.118175373282822	18.712725469019901
-1.126506949290640	18.714738807818545
-1.132506315977735	18.716159480387532
-1.139994282474397	18.717861780793253
-1.148984131927260	18.719905516482751
-1.148984131927260	18.719905516482751
-1.173721638624142	18.724949796765294
-1.187701945966665	18.726911078868834
-1.203070364448812	18.729067097573594
-1.203070364448812	18.729067097573594
-1.236733502930346	18.733109014151019
-1.254248288935714	18.735212005942589
-1.254248288935714	18.735212005942589
-1.288146958285619	18.737995611551774
-1.304649509529257	18.739350726519078
-1.320419125965281	18.740561310309847
-1.335079446926752	18.741686736980522
-1.335079446926752	18.741686736980522
-1.362603560005035	18.743143384318508
-1.375921245461163	18.743490681414592
-1.375921245461163	18.743490681414592
-1.401910628580131	18.743810049115126
-1.414475266676539	18.743964448300307
-1.426394918814030	18.743893011911503
-1.438025900984912	18.743742376222539
-1.449333267403744	18.743595931760165
-1.449333267403744	18.743595931760165
-1.471405823991999	18.743295513757214
-1.482163316919261	18.743144569950466
-1.492421470215765	18.742995791502171
-1.492421470215765	18.742995791502171
-1.511957140343288	18.742711383965428
-1.521513730490825	18.742571925490726
-1.521513730490825	18.742571925490726
-1.521513730490825	18.742571925490726
-1.547937650590148	18.742185704537317
-1.547937650590148	18.742185704537317
-1.564975236781964	18.741936041928252
-1.573300728265811	18.741814043195440
-1.581202417199050	18.741909681025110
-1.588920621700984	18.742003098057058
-1.596500696297313	18.742154181380524
-1.603880490930917	18.742358788174343
-1.611159118562032	18.742617338162624
-1.618403919742662	18.742874686574343
-1.625475248257213	18.743179994163636
-1.632311107764826	18.743517191341372
-1.639004128540316	18.743847342614011
-1.645573850907852	18.744178645160666
-1.645573850907852	18.744178645160666
-1.645573850907852	18.744178645160666
-1.664994475255129	18.745158001965102
-1.671143367452736	18.745469537025560
-1.677204589579967	18.745777919874538
-1.677204589579967	18.745777919874538
-1.689107952148388	18.746383539134847
-1.694870852764674	18.746677243888424
-1.694870852764674	18.746677243888424
-1.706230159213072	18.747256302994945
-1.711821108229014	18.747541310707035
-1.717247357924859	18.747817910582132
-1.722593022369203	18.748090402671600
-1.727890312309103	18.748360428899261
-1.733066694310458	18.748624275692659
-1.733066694310458	18.748624275692659
-1.743322487687553	18.749146993424144
-1.750294219760309	18.749502306270319
-1.758753974358761	18.749933455868863
-1.768721737588378	18.750441427509895
-1.780357320297375	18.751034393645519
-1.780357320297375	18.751034393645519
-1.806875489454504	18.752382909069993
-1.822576780718920	18.753181359118667
-1.838558161588053	18.753989140095417
-1.853839183025744	18.754760294657324
-1.853839183025744	18.754760294657324
-1.883766849737497	18.756270080683056
-1.898233392962811	18.756999648284371
-1.912422394034661	18.757715044478235
-1.925638237203999	18.758381191440513
-1.938606023345823	18.759034835043511
-1.951215520808024	18.759670015020820
-1.951215520808024	18.759670015020820
-1.975695610176471	18.760903153982639
-1.987291176788251	18.761487035712591
-1.998612361708192	18.762057101260698
-1.998612361708192	18.762057101260698
-2.020150658950553	18.763141082989009
-2.020150658950553	18.763141082989009
-2.040658986368280	18.764172916032802
-2.050537761129234	18.764669801125375
-2.060127968678476	18.765152112584293
-2.069383828605835	18.765617609006782
-2.069383828605835	18.765617609006782
-2.087439544032164	18.766285009765930
-2.096313620320081	18.766613025860085
-2.104684900687685	18.766782536622394
-2.104684900687685	18.766782536622394
-2.120785612264251	18.767108561289255
-2.120785612264251	18.767108561289255
-2.136568500893251	18.767201941007837
-2.144202671935431	18.767231758337680
-2.151659512393146	18.767255573545949
-2.158927429890656	18.767277577254969
-2.166108686568091	18.767298683007169
-2.166108686568091	18.767298683007169
-2.180178384475287	18.767339108354683
-2.186994881028977	18.767358693653801
-2.193655698353417	18.767377382971134
-2.200172856221587	18.767395669200223
-2.206614892070462	18.767413625241595
-2.213076653663820	18.767431636265009
-2.219395571072464	18.767449181516326
-2.219395571072464	18.767449181516326
-2.231429405100620	18.767482593254968
-2.237371521447122	18.767499007845768
-2.237371521447122	18.767499007845768
-2.249028943382320	18.767531210481948
-2.254769122684868	18.767547032674695
-2.260339333055525	18.767562386366187
-2.265858809299452	18.767577549522017
-2.273248360951399	18.767597850166183
-2.273248360951399	18.767597850166183
-2.291036246580540	18.767648329318451
-2.301425885524569	18.767677813439118
-2.315122044591638	18.767715135047297
-2.330311764187355	18.767754804097098
-2.330311764187355	18.767754804097098
-2.363779655937609	18.767842207913624
-2.382053270016013	18.767886473641791
-2.402468596874118	18.767935927422815
-2.422162885566664	18.767977274666297
-2.441385988466295	18.768017632677111
-2.460077322661866	18.768054655746422
-2.478014384760173	18.768090184782839
-2.495542541538906	18.768124783270192
-2.495542541538906	18.768124783270192
-2.528489613052824	18.768189220325553
-2.544492316843469	18.768219878249894
-2.559990517713144	18.768249569649292
-2.559990517713144	18.768249569649292
-2.590130149142129	18.768306910424428
-2.604336973020721	18.768333938966411
-2.618236128255982	18.768359886976935
-2.631621756444999	18.768384876295727
-2.631621756444999	18.768384876295727
-2.657715302309078	18.768433022010349
-2.670190078048758	18.768456039464393
-2.682144069455959	18.768477750034730
-2.693890424074435	18.768498971295671
-2.705287812022620	18.768519465295110
-2.716724357047491	18.768540029704113
-2.727860040667974	18.768559959428686
-2.742231242637109	18.768585569780857
-2.742231242637109	18.768585569780857
-2.773862785447653	18.768641939105624
-2.791273344081113	18.768671271242898
-2.810149590681406	18.768701614881230
-2.810149590681406	18.768701614881230
-2.856433622264572	18.768776016638355
-2.856433622264572	18.768776016638355
-2.905451417602805	18.768834189531379
-2.932404130863977	18.768863067808304
-2.932404130863977	18.768863067808304
-2.984141207297129	18.768907328582490
-2.984141207297129	18.768907328582490
-3.033419019616915	18.768944912485395
-3.033419019616915	18.768944912485395
-3.081369549477217	18.768979645106885
-3.104654017548557	18.768996039210791
-3.126761466802720	18.769011243498756
-3.126761466802720	18.769011243498756
-3.168008774692875	18.769038154231747
-3.188045425905427	18.769050551100463
-3.207526732441115	18.769062604372088
-3.207526732441115	18.769062604372088
-3.245264994409148	18.769084706893231
-3.245264994409148	18.769084706893231
-3.279751886674144	18.769102801420722
-3.296430776082682	18.769111552473749
-3.296430776082682	18.769111552473749
-3.327887779280889	18.769127603662511
-3.327887779280889	18.769127603662511
-3.358442035059613	18.769142384114001
-3.372853434999885	18.769149355548663
-3.386863065415193	18.769155617080425
-3.400492745783579	18.769161708795480
-3.400492745783579	18.769161708795480
-3.426964121578126	18.769172956330355
-3.439492901529432	18.769178279736686
-3.439492901529432	18.769178279736686
-3.463882049877681	18.769187682889676
-3.477877647970689	18.769193078844800
-3.477877647970689	18.769193078844800
-3.514621164295974	18.769206934141621
-3.534486597318174	18.769209196036901
-3.555712447057043	18.769211612830397
-3.555712447057043	18.769211612830397
-3.603813106344473	18.769212253596415
-3.603813106344473	18.769212253596415
-3.654614684119685	18.769201722117916
-3.681258801727220	18.769193210640537
-3.681258801727220	18.769193210640537
-3.738395600780936	18.769174958260042
-3.766093747384739	18.769157817807368
-3.766093747384739	18.769157817807368
-3.820323484793017	18.769116517876611
-3.846681706763208	18.769095399977719
-3.846681706763208	18.769095399977719
-3.895345043446545	18.769054963954975
-3.895345043446545	18.769054963954975
-3.942705897192825	18.769013391011654
-3.965006642621691	18.768992914715906
-3.986672070864342	18.768972238306130
-4.007673408652050	18.768951821542171
-4.007673408652050	18.768951821542171
-4.048440664188739	18.768912189046279
-4.067652936636139	18.768892869634772
-4.086239801252940	18.768874179118740
-4.086239801252940	18.768874179118740
-4.121225287133290	18.768837315014480
-4.138216312515169	18.768818896503724
-4.138216312515169	18.768818896503724
-4.171191042566297	18.768783151432046
-4.171191042566297	18.768783151432046
-4.201300082099364	18.768749662987268
-4.215933046736763	18.768732826222593
-4.215933046736763	18.768732826222593
-4.248685502776294	18.768694762249524
-4.266431665657661	18.768673929988445
-4.287210747223856	18.768649537377204
-4.309157824756897	18.768619981326196
-4.332574356737384	18.768588446366127
-4.357352295630579	18.768547479940018
-4.357352295630579	18.768547479940018
-4.409582041942722	18.768461126266608
-4.436935130194930	18.768413265225316
-4.465076472535386	18.768364024937149
-4.492306237766776	18.768308519841487
-4.518885320331036	18.768254341095989
-4.518885320331036	18.768254341095989
-4.570665977043346	18.768145916727377
-4.595911173197608	18.768093055395997
-4.620484987391033	18.768040541802097
-4.643779204307534	18.767990762673886
-4.666188678995817	18.767941227196300
-4.688034429349380	18.767892937814594
-4.688034429349380	18.767892937814594
-4.730447487890795	18.767797693710140
-4.750986295112040	18.767751571115646
-4.770962173036521	18.767706372205474
-4.789728504699595	18.767663613442842
-4.789728504699595	18.767663613442842
-4.825087931213419	18.767581909306394
-4.825087931213419	18.767581909306394
-4.859350274528546	18.767501726490636
-4.875954749763104	18.767462867689702
-4.891622759327804	18.767425749443085
-4.906821860547435	18.767389742062242
-4.921597196552156	18.767354163029268
-4.935941068022718	18.767319622963591
-4.935941068022718	18.767319622963591
-4.963807741572020	18.767251552463783
-4.980869814811884	18.767209874584609
-4.999396024935610	18.767163803628474
-5.019381185986253	18.767111385951520
-5.040793187200510	18.767055225915591
-5.040793187200510	18.767055225915591
-5.086412659631030	18.766930916230883
-5.110650500203389	18.766864869909892
-5.137448227711376	18.766786278468050
-5.165462365225499	18.766704119581313
-5.165462365225499	18.766704119581313
-5.223314143329280	18.766516836579797
-5.253072228514937	18.766420501018548
-5.279358926861065	18.766330720615418
-5.305753888589332	18.766240570446183
-5.331706717970981	18.766147677261060
-5.356691555687346	18.766058248816819
-5.356691555687346	18.766058248816819
-5.405630537725246	18.765881989187879
-5.429370938732589	18.765795536657983
-5.451802440039865	18.765713850588874
-5.473610647505350	18.765633629330669
-5.494771133612430	18.765555790708561
-5.494771133612430	18.765555790708561
-5.535672152029831	18.765403901988300
-5.554979543602022	18.765332202673441
-5.573689303042406	18.765261805539236
-5.591787890860188	18.765193707992626
-5.609386978828745	18.765126944901997
-5.609386978828745	18.765126944901997
-5.643519169493145	18.764996976441882
-5.659707561833856	18.764935101994752
-5.675275198486731	18.764874970221214
-5.675275198486731	18.764874970221214
-5.704613144647944	18.764761271334002
-5.718921287147571	18.764705820285339
-5.718921287147571	18.764705820285339
-5.745887370218613	18.764600997277046
-5.759041404960336	18.764549431339212
-5.759041404960336	18.764549431339212
-5.784681069846457	18.764448919717371
-5.796985399552015	18.764400434926991
-5.796985399552015	18.764400434926991
-5.824830094573335	18.764290449082743
-5.841520723617514	18.764224226405776
-5.841520723617514	18.764224226405776
-5.881024529213103	18.764066121733673
-5.881024529213103	18.764066121733673
-5.923420825794047	18.763886911737067
-5.945975489553819	18.763789410676715
-5.971527023321210	18.763678954512862
-5.997863637090000	18.763556348014937
-5.997863637090000	18.763556348014937
-6.053572601583478	18.763297002561508
-6.082643765355753	18.763155632004480
-6.112504889526077	18.763010419938308
-6.142146822590643	18.762860741824014
-6.142146822590643	18.762860741824014
-6.196964578889504	18.762578040412219
-6.223636002614595	18.762440096569982
-6.249632816201906	18.762305641792121
-6.249632816201906	18.762305641792121
-6.299019896179715	18.762048322748484
-6.322976498481754	18.761923502856401
-6.346294180705871	18.761800742919622
-6.346294180705871	18.761800742919622
-6.391575226424046	18.761561589311320
-6.413599971914682	18.761444487725594
-6.434926153825986	18.761331100275992
-6.454989237728574	18.761223420433538
-6.474489036873663	18.761118763776068
-6.493378612922728	18.761017083286227
-6.512235597432058	18.760915578233025
-6.530579542550624	18.760816539144589
-6.548350065249696	18.760720315195911
-6.565048914697258	18.760629894150934
-6.581292842628510	18.760541236242101
-6.597040558507402	18.760455286614363
-6.597040558507402	18.760455286614363
-6.626750128592160	18.760292341634141
-6.641179175341316	18.760212673367768
-6.641179175341316	18.760212673367768
-6.669198930519223	18.760057965620405
-6.682813834703373	18.759982647067126
-6.695695590367664	18.759911384340104
-6.695695590367664	18.759911384340104
-6.720132907024046	18.759775427692794
-6.732022535328144	18.759709059983116
-6.732022535328144	18.759709059983116
-6.732022535328144	18.759709059983116
-6.765068373703467	18.759523751865469
-6.775765426182486	18.759463606256080
-6.786065837173886	18.759405690816546
-6.786065837173886	18.759405690816546
-6.805493920232785	18.759296453819054
-6.805493920232785	18.759296453819054
-6.823928487078811	18.759448680506740
-6.832935761015127	18.759623962118866
-6.841765191839040	18.759826525088265
-6.850378419050478	18.760024127959262
-6.850378419050478	18.760024127959262
-6.867284966932862	18.760424690505932
-6.875421695227901	18.760617471943640
-6.883326577460160	18.760810877607433
-6.891104237329705	18.761001170571408
-6.891104237329705	18.761001170571408
-6.906365354590045	18.761376435230588
-6.913843343134728	18.761560315923901
-6.921096734440973	18.761738990668981
-6.928118729369197	18.761911965364650
-6.928118729369197	18.761911965364650
-6.941757380609590	18.762247844225680
-6.941757380609590	18.762247844225680
-6.954974416582541	18.762573318028910
-6.961265875046260	18.762728247236808
-6.967429301195381	18.762790801328403
-6.973472515711207	18.762852135363275
-6.979421077780380	18.762902279583610
-6.979421077780380	18.762902279583610
-6.991124499310706	18.762981897301302
-6.996798088434868	18.763020494408654
-7.002383025793224	18.763050217794941
-7.007910131124282	18.763079633395559
-7.007910131124282	18.763079633395559
-7.018722542376315	18.763134310446365
-7.023989235300611	18.763160449568804
-7.023989235300611	18.763160449568804
-7.023989235300611	18.763160449568804
-7.039115631158998	18.763234775351673
-7.044090189344993	18.763259218578934
-7.051015696597168	18.763293237272304
-7.059416365948061	18.763334453092106
-7.059416365948061	18.763334453092106
-7.079215860373365	18.763428089153006
-7.090796454066187	18.763482856267405
-7.090796454066187	18.763482856267405
-7.123365499073110	18.763629475044851
-7.123365499073110	18.763629475044851
-7.159025228072029	18.763780758326799
-7.178296282708632	18.763858811297332
-7.199035647005445	18.763940999507916
-7.222654811326426	18.764030522113671
-7.247504538736539	18.764124708864728
-7.273760851484766	18.764214688635846
-7.301242360353900	18.764308867125482
-7.301242360353900	18.764308867125482
-7.358718274529242	18.764486306539766
-7.388566881301499	18.764578455040208
-7.418781461501769	18.764669024872898
-7.448307216369637	18.764752718846445
-7.477040666596821	18.764834166946045
-7.505151333605365	18.764912888777332
-7.505151333605365	18.764912888777332
-7.559978970133390	18.765066429493793
-7.586715102515789	18.765140304783735
-7.612730173532119	18.765212187690608
-7.637417187157999	18.765279523682658
-7.661403615619146	18.765344948767304
-7.661403615619146	18.765344948767304
-7.708058106602168	18.765469716394211
-7.730750327702738	18.765530003004912
-7.752060562753482	18.765586253458867
-7.772750977738414	18.765640166143537
-7.772750977738414	18.765640166143537
-7.811711393285946	18.765739754709625
-7.811711393285946	18.765739754709625
-7.848348398924580	18.765833404297442
-7.866148319631580	18.765878345742671
-7.883356308962278	18.765921792672728
-7.900092878247745	18.765963564158483
-7.900092878247745	18.765963564158483
-7.932553493202810	18.766044580052007
-7.947848403072572	18.766082330229715
-7.962707869198873	18.766118445700890
-7.977141212596694	18.766153525494001
-7.991169042231897	18.766187454489316
-7.991169042231897	18.766187454489316
-8.018384018407785	18.766253279126708
-8.033785441347884	18.766290195141274
-8.052004857403785	18.766333865666464
-8.071756940651039	18.766377632471894
-8.092878250471159	18.766422339303197
-8.092878250471159	18.766422339303197
-8.137899798758093	18.766517635039182
-8.161851515256487	18.766565984473488
-8.187132906810497	18.766617018017584
-8.187132906810497	18.766617018017584
-8.237954366962299	18.766708726293981
-8.262932282633567	18.766747148787445
-8.287028293782155	18.766784214683696
-8.287028293782155	18.766784214683696
-8.334050024926729	18.766854466773754
-8.334050024926729	18.766854466773754
-8.377183311954779	18.766916129014682
-8.397941337925992	18.766944479102289
-8.397941337925992	18.766944479102289
-8.437202406987804	18.766997362939794
-8.437202406987804	18.766997362939794
-8.474200833911638	18.767045334167378
-8.492082917734793	18.767067964274272
-8.492082917734793	18.767067964274272
-8.526831719066656	18.767111939523261
-8.543187912845859	18.767132405088720
-8.559068659181525	18.767151825728561
-8.559068659181525	18.767151825728561
-8.589883699586851	18.767189509587293
-8.589883699586851	18.767189509587293
-8.619807535721939	18.767225339599428
-8.633557269903070	18.767241311101014
-8.646883945138764	18.767256641844472
-8.646883945138764	18.767256641844472
-8.672141500479588	18.767285428670522
-8.684435266990301	18.767299205745932
-8.684435266990301	18.767299205745932
-8.708378203192087	18.767325806521999
-8.720067922917842	18.767338693487584
-8.731111068670311	18.767350774261057
-8.741932325350623	18.767362439898882
-8.752467949476225	18.767373797616283
-8.752467949476225	18.767373797616283
-8.773028096448138	18.767395656111766
-8.783069106696171	18.767406331199716
-8.792699761124984	18.767416437184881
-8.802031731573958	18.767426108030065
-8.811186044009176	18.767435543380724
-8.811186044009176	18.767435543380724
-8.829118906235012	18.767453919012151
-8.837703119430673	18.767462669364026
-8.846074425270160	18.767471202687940
-8.846074425270160	18.767471202687940
-8.862500918274415	18.767487694231722
-8.870557853980255	18.767495783073809
-8.870557853980255	18.767495783073809
-8.885734710984638	18.767510882911260
-8.893175931596062	18.767518192450659
-8.893175931596062	18.767518192450659
-8.907523417807504	18.767532114975172
-8.907523417807504	18.767532114975172
-8.921574053026747	18.767545749441197
-8.928368058245367	18.767552320814854
-8.935034711565990	18.767558722780723
-8.941573155598705	18.767564977146570
-8.948009167192771	18.767571133530396
-8.948009167192771	18.767571133530396
-8.960456662327122	18.767582974384265
-8.966612153885018	18.767588829881717
-8.972600507449011	18.767594471832535
-8.972600507449011	18.767594471832535
-8.984455136308231	18.767605585187827
-8.990280965118451	18.767611046725779
-8.995941262254581	18.767616337744492
-9.001500209008213	18.767621507479088
